279943
279914
279913
279690
279688
278463
278461
279832
279834
279835
277568
276944
276945
276942
276943
276793
279698
278996
280062
280059
280058
280057
280045
280039
280127
278401
278397
278225
278224
279920
279921
276439
279073
280147
277928
278968
278966
278000
280169
280132
280142
280214
280222
280224
279597
280240
280252
280256
279264
280288
280289
280290
279293
277699
277696
277694
277693
277689
277687
277662
279658
280300
280298
279409
280301
280334
280330
280325
275350
277377
280363
280364
280366
280374
280402
280441
246514
280393
280485
280491
280490
280489
279770
